100 149.37
100 149.29
100 149.4
100 149
100 149.47
100 148.96
100 148.33
100 149.12
100 149.23
100 148.93
100 148.92
100 149.3
100 148.88
100 148.87
100 149.28
100 149.05
100 148.81
100 148.26
100 150.97
100 149.05
100 148.13
100 151.01
100 149.34
100 148.69
100 148.85
100 149.01
100 150.56
100 148.74
100 149
100 149.07
100 148.58
100 148.12
100 150.02
100 149.55
100 149.09
100 149.98
100 148.78
100 149.1
100 148.41
100 148.16
100 148.91
100 148.84
100 149.19
100 149.22
100 150.11
100 149.21
100 149.59
100 147.95
100 147.95
100 148.99
100 148.03
100 149
100 150.03
100 149.15
100 149.94
100 148.88
100 148.72
100 149.23
100 149.26
100 148.18
100 148.66
100 149.09
100 148.76
100 149.04
100 148.59
100 149.74
100 150.34
100 148.13
100 150.47
100 148.96
100 148.36
100 149.99
100 148.16
100 148.16
100 148.1
100 151.52
100 149.57
100 149.16
100 148.97
100 149.85
100 148.59
100 149.31
100 148.97
100 148.77
100 149.32
100 149.26
100 148.45
100 149.23
100 149.25
100 151
100 150.96
100 151.79
100 151.72
100 149.68
100 148.93
100 148.19
100 148.2
100 148.84
100 150.12
100 149.19
